time,x,y,z,phi,theta,psi,x_velocity,y_velocity,z_velocity,phi_velocity,theta_velocity,psi_velocity,rotor_speed1,rotor_speed2,rotor_speed3,rotor_speed4
0.06,-1.045984392174743e-06,9.236009515789151e-07,10.008808193997517,0.0005677381723172559,0.0006253506300559764,0.0,-8.29440947209978e-05,7.400163599853498e-05,0.2935769626052626,0.023704744840245,0.02574469290184635,0.0,494.6927247442466,496.5843965243611,492.5313356571608,494.28098853941276
0.12000000000000001,-3.156624916897043e-05,2.8537395284942536e-05,10.035942829381423,0.0014498863862248967,0.0026551078050767174,0.0,-0.0011788783107573718,0.001019804082502148,0.6107953365914431,-0.01734377880900542,0.04643012820640453,0.0,501.7107301615806,503.2104117979236,501.5051134428636,498.51511354523336
0.18,-0.00017720626823588582,0.00011904641216902286,10.07829470659747,0.0003425959271918799,0.006016065312848262,0.0,-0.0040354138185481735,0.0018732675529698369,0.8008185669569636,-0.020774912207478968,0.0703953074909918,0.0,464.0774239943074,465.95632202841443,465.1170027481241,464.8483193745209
0.23999999999999996,-0.0005632392986631422,0.00023385453748893495,10.129855750624168,6.281867451562377,0.010228925125191246,0.0,-0.009272644900381887,0.0018079065725535733,0.9177925469325228,-0.04735896685286022,0.06985009284255211,0.0,443.1871787598243,443.1461494039658,443.7830858636737,441.59557062302326
0.3,-0.0013405281525039627,0.00030528129968133234,10.18734218492386,6.278988260798322,0.014056369001530733,0.0,-0.01703777466730697,0.000289616525749041,0.9983493042124427,-0.049271660750613275,0.04752584302133388,0.0,432.7449532389005,430.86490678271946,431.4148570713645,431.25186600676625
0.36000000000000004,-0.0026733113104247417,0.00022181395304482582,10.250858830333197,6.276128025768738,0.017129267974071993,0.0,-0.027698738822864177,-0.0033765563492698077,1.1187553554775587,-0.04464763713463,0.05772409847525896,0.0,443.28633758345364,444.12514663786254,444.8464971332419,445.22355404260946
0.4200000000000001,-0.004724702293529044,-0.0001459936332009154,10.322245013948935,6.273752551328551,0.0203578615963238,0.0,-0.04104199849661937,-0.009154297134431066,1.2606290961948903,-0.031026887784561544,0.04453530954758167,0.0,451.9237051520901,450.86134505972126,450.64235189142573,451.7410783915879
0.48000000000000015,-0.007592803386351263,-0.0008851225464369714,10.399671971186066,6.271381586649232,0.022678720809364172,0.0,-0.05480339192883863,-0.01567505356594958,1.320194775219297,-0.06768679539986266,0.02317286594195299,0.0,426.73043926584313,424.90392668318367,426.8354972775141,423.69440090368903
0.5400000000000001,-0.01130055006019799,-0.002054886224146801,10.479512125334455,6.267675219610156,0.024046024312119663,0.0,-0.06891224796912311,-0.023665550566656635,1.341111267442177,-0.05200023523631065,0.022008229821810117,0.0,412.38475903040154,412.2819625040548,412.7688707829203,414.14760938978424
0.6000000000000002,-0.015941613087050294,-0.0038101581550561477,10.563159983712948,6.26447001414882,0.025155876879796146,0.0,-0.08591311133148669,-0.035166563260680135,1.4470130649523514,-0.0564215705395891,0.010342669082638664,0.0,439.7988150889316,438.8315854179121,442.1791855418795,441.8129358848559
0.6600000000000003,-0.021656722028135456,-0.006348795798106016,10.654479744942588,6.26104643118007,0.025847347798663378,0.0,-0.10465766514869376,-0.049823105327932174,1.5967713498116365,-0.05836700879374428,0.013789200282832247,0.0,454.7018405352321,454.97771156323824,454.4081071734881,454.249982582077
0.7200000000000003,-0.028486119961699616,-0.009819537770782498,10.753747107166788,6.257518462613124,0.027017247028746638,0.0,-0.12309108418935599,-0.06623086152134666,1.7119623238838764,-0.05967836383984017,0.028990205638846023,0.0,443.52650298361226,444.77307524540635,444.57888654445424,444.46901965136914
0.7800000000000004,-0.03648377689156996,-0.01438179022825842,10.861170332589202,6.253383835940696,0.028288196279656397,0.0,-0.1436667544634624,-0.08624619331152503,1.8685510517252437,-0.10299264020564193,-0.0029135597587718106,0.0,458.2775160060915,455.73475204586924,459.7207421481044,456.27173788733745
0.8400000000000004,-0.045766575427976644,-0.020280534005420247,10.979043292428159,6.247849995202426,0.0283332473621849,0.0,-0.16574470808712677,-0.11103850456637895,2.0601982413185693,-0.07654767017118122,0.007223829208883443,0.0,466.95245461203797,467.7425379931382,468.83114419524213,470.8741841766178
0.9000000000000005,-0.05641965213997829,-0.027844172596159053,11.10989223840569,6.242905632825746,0.02858776913635186,0.0,-0.1893888250220726,-0.14164727811649153,2.3009538708340997,-0.09792003320974844,-0.0025118397855836976,0.0,484.31486159151865,483.58203145411835,484.2471919139849,482.6317621009801
0.9600000000000005,-0.06846405894333218,-0.037327980920817905,11.254085156492474,6.236977453644407,0.028547826538884102,0.0,-0.2120690744675433,-0.1751547062330553,2.5050182570787562,-0.1006286137176845,0.0027924022537444294,0.0,473.92709464025313,474.33461001570316,473.9805486863309,473.7646170379374
1.0200000000000005,-0.08175655471887894,-0.04877592242886528,11.40655578869805,6.231408452391317,0.028280169593072557,0.0,-0.2310121203831894,-0.20700047041348127,2.5771433557887127,-0.0805593029960431,-0.02576351742896966,0.0,435.9988892011246,433.6066274349757,433.265161753471,434.9414618457653
1.0800000000000005,-0.09619910956171551,-0.062288217235420815,11.56423991558312,6.226196748258378,0.02666393832704017,0.0,-0.2502393173983088,-0.24390624045169268,2.6787325263168253,-0.10405681990571537,-0.02939400751300888,0.0,443.3159660715484,443.017386602178,446.2436642312694,444.31491717878146
1.1400000000000006,-0.11172170062594103,-0.07804083738580773,11.726517861760673,6.220362766713295,0.02467502976941116,0.0,-0.2670015205126537,-0.2817446918459808,2.7303741088600018,-0.0862400653043536,-0.041974585573847804,0.0,429.8211584359724,428.7531408033716,427.61121339757347,429.1176083631756
1.2000000000000006,-0.12823446725901583,-0.09623798729216969,11.892910719300192,6.215167479632001,0.02236020031744257,0.0,-0.2831795437608976,-0.32533225992503134,2.815811643682865,-0.08729298484856869,-0.032536250606073056,0.0,440.2835663245182,441.062984914159,439.44403872632404,439.35046144089733
1.2600000000000007,-0.14579330582211433,-0.11752821846464787,12.069838295359347,6.210936082082769,0.019859592516505487,0.0,-0.30183852262295024,-0.38487953503125416,3.081050055558024,-0.04913308880525498,-0.07491599624288309,0.0,496.097721009017,492.9749585723354,492.726151496701,495.53536806050306
1.3200000000000007,-0.16429969238471653,-0.14212536842998216,12.257663997730758,6.208415662173021,0.015553579836659281,0.0,-0.3145899413862282,-0.43528343303235456,3.179516220854541,-0.030615808539720842,-0.06611704103830836,0.0,445.41302322983785,446.12806906059797,445.877113852712,447.38635128198683
1.3800000000000008,-0.18349660841160217,-0.16985470545478912,12.452199077830212,6.207495925893472,0.011783200061170618,0.0,-0.32489491601102627,-0.4891388741638574,3.3046180759935635,0.0047941841554541495,-0.05698301082178789,0.0,454.0921458960372,454.821498630983,454.28134472662805,457.11191237114184
1.4400000000000008,-0.20322066703425376,-0.20073602150000985,12.653024443890152,6.208368066965928,0.009114775905774586,0.0,-0.33227592417969687,-0.5401611296264907,3.389311732085257,0.029096598516034678,-0.026968808969396567,0.0,442.60246029440657,445.06450193563785,441.6705174435057,443.6703279843411
1.5000000000000009,-0.22332339994123307,-0.23451954606692987,12.857089188258284,6.210358162467932,0.0076352001024897476,0.0,-0.33767529455198037,-0.5857864545387452,3.4127825828760088,0.0402697429601053,-0.020401191194562407,0.0,424.08755578086726,424.6512010745246,423.20640603067477,424.167552320691
1.560000000000001,-0.2437271652937671,-0.2710205270935907,13.06282123820026,6.213776163356087,0.00716756510516614,0.0,-0.3423793924747626,-0.6306337597231265,3.4448700093854825,0.07829900736235755,0.009813084224886347,0.0,426.1194049339001,428.69465414193917,424.9549969690386,428.2046586247449
1.620000000000001,-0.2644316794832597,-0.31034741855545717,13.273447879377391,6.218381971272763,0.007920551220169436,0.0,-0.3478405144343432,-0.6797482639547664,3.575643422403026,0.07350254739754628,0.017527167746567974,0.0,458.55256670907966,459.1648537069348,458.0319326891716,457.65477218753296
1.680000000000001,-0.2854351874308505,-0.3521571289410496,13.486191011484983,6.222377063691646,0.008689519251143807,0.0,-0.3523513794610411,-0.7135963720359179,3.515999805656773,0.04682945142505729,0.0011626515947145916,0.0,398.0236453834632,396.52295756693013,397.72312229026284,395.27613665368483
1.740000000000001,-0.306775023631465,-0.39632935766877053,13.701792466799747,6.225228741602059,0.00887983210866139,0.0,-0.35898746665044184,-0.7584797945565939,3.6702436332554615,0.048889189089275045,0.006914871045100039,0.0,466.0366667944216,466.4860175017258,465.27652320430786,465.4390118467883
1.8000000000000012,-0.3285043464566079,-0.443040676917604,13.925059224867452,6.227665772513635,0.008979045949621955,0.0,-0.3653501626193432,-0.7982701093846383,3.7716628712091924,0.013844017593219043,-0.011783429273994006,0.0,451.83412401615266,450.32405659338485,451.6652080852688,448.8304914062837
1.8600000000000012,-0.35060143074359956,-0.4920248880103986,14.153071884856734,6.22835502965534,0.00809419124444144,0.0,-0.37114324637058344,-0.8344616857382874,3.828568577807782,0.006300683545930413,-0.021455123746596073,0.0,438.06876716412916,437.2638349278586,437.31343366388387,436.6844867686211
1.9200000000000013,-0.3730513639655288,-0.5433378942819459,14.387551219508577,6.228624466231423,0.0069738585461474045,0.0,-0.37705210197378425,-0.8759143922740478,3.9868634584484863,0.0005993673127888182,-0.013618526240112477,0.0,469.3184549076533,469.92641060713817,468.6691482579986,468.2257050495337
1.9800000000000013,-0.39583802035074916,-0.5971764412044053,14.63228390360249,6.22833365622898,0.006313949623518944,0.0,-0.38241558887463706,-0.918687187477613,4.170228899510736,-0.01891240274926627,-0.006215148190364535,0.0,477.63903061663785,478.203474868771,477.92760149380547,476.4381105423019
2.0400000000000014,-0.41889885108259206,-0.6532917146996975,14.88251857523701,6.227015039513672,0.006129284799338386,0.0,-0.3862555908744768,-0.951935405759245,4.170908402011363,-0.028943898400176863,0.0025562641822834448,0.0,421.51452987850064,422.27200043023157,422.7529285532234,421.8875244695996
2.1000000000000014,-0.4421931684036061,-0.7114721075469185,15.133561527355464,6.225320508900278,0.0060254298859545585,0.0,-0.39022539690488595,-0.987568782486188,4.197071672858976,-0.02687463729146742,-0.012094652609132596,0.0,431.5242108895942,430.2856017312214,430.05453085262934,430.2295411710841
2.1600000000000015,-0.4657183913664504,-0.7717955736848132,15.385700297709347,6.223513155501514,0.005535170614876073,0.0,-0.3938961300742255,-1.0233697217445503,4.20749433357465,-0.0375704442477049,-0.0012954134020237338,0.0,424.68675418824415,425.6122342168872,426.5705383084062,425.65574410299206
2.2200000000000015,-0.4894789333038601,-0.8345410401106133,15.642417390474215,6.221456880883132,0.005164289371283104,0.0,-0.3980978894945808,-1.0683533795372702,4.349177886641899,-0.0283782684088434,-0.018388374177144416,0.0,467.7779800723449,466.4450011357645,466.45195578491376,467.1688684131485
2.2800000000000016,-0.5134782953571659,-0.900008513464037,15.90728449289424,6.2192679637925625,0.004476558167101352,0.0,-0.4017867288729641,-1.1140695960465907,4.479191979547617,-0.0622369227735952,-0.00032809174434408287,0.0,463.47655064168083,464.89405812920927,466.3279090204699,463.6744745125092
2.3400000000000016,-0.5376733623124871,-0.9680641525065382,16.17666926471262,6.215325251153638,0.004125883349615833,0.0,-0.4047017735462652,-1.1547975516798223,4.5001705942397,-0.07376553914383885,-0.02015326512951486,0.0,431.9940557024289,430.3189768572523,432.6010475984629,431.62569203937477
2.4000000000000017,-0.5620388430323268,-1.0387345047047412,16.448695176872864,6.211121619184837,0.0023946710726026055,0.0,-0.4073500074314175,-1.201286003320051,4.56703679722561,-0.06352761972271924,-0.05850808005994282,0.0,448.6275639244248,445.50153888519634,445.6652648298163,446.49761420102413
2.4600000000000017,-0.5865225126157079,-1.112342823449529,16.72563680984682,6.2072054443553455,6.282259823547323,0.0,-0.4084274303617837,-1.2526950452470647,4.663903112102765,-0.06900141100094644,-0.049648097647714017,0.0,456.1798257969154,456.88484361010154,456.8123810544701,456.37260575828986
2.520000000000002,-0.6110117895213186,-1.188749200651906,17.00357266450912,6.203259479538115,6.279275920896744,0.0,-0.407650740477201,-1.2945265033763569,4.600835411799261,-0.0599770819173074,-0.04989940389063083,0.0,404.7952253475628,404.7707942054918,405.7477353341178,406.5535439909885
2.580000000000002,-0.6353938742318942,-1.267985083555997,17.28090086413652,6.199882087508993,6.276679618869309,0.0,-0.40482840555144967,-1.3469905011768597,4.643209374152986,-0.04978404878422168,-0.0325330279028652,0.0,439.03643802218573,440.4739982584445,439.8650674838879,440.7062597639915
2.640000000000002,-0.6595669721100976,-1.3503643258604252,17.559945601380754,6.197029966457874,6.275194477914921,0.0,-0.40079165394211147,-1.3992515812864301,4.658168433635785,-0.04338103160339989,-0.01252788707470859,0.0,431.11808814170195,432.8051366445517,431.12168120815045,431.6609728334079
2.700000000000002,-0.6834646001230086,-1.436048873233152,17.84122084892726,6.194434943515741,6.275228676635109,0.0,-0.3957708929163126,-1.4571411618168937,4.717371724638896,-0.042990431340778415,0.018660632011748942,0.0,444.92668335847117,447.47317728868455,445.94700051078667,445.97787804792057
2.760000000000002,-0.7070716668463942,-1.525208412025195,18.125461969683432,6.191428972251028,6.276320793953559,0.0,-0.39123460975990615,-1.51509621534905,4.757104841200829,-0.07071731510800891,0.01726851593136154,0.0,441.02811407629804,440.9130418502531,441.2847034082915,438.98779265968756
2.820000000000002,-0.7304348654035847,-1.6177961364256164,18.41084557973451,6.187511168967404,6.277248215942242,0.0,-0.3876235114072444,-1.5715268849975352,4.7556106681336345,-0.05621336827878037,0.011562963100548381,0.0,427.98309835928285,427.4970495435288,427.08413751075295,428.3161821488931
2.880000000000002,-0.7535949331956907,-1.7138642890366325,18.696388174740093,6.184049337467361,6.277636140489422,0.0,-0.38442850494327757,-1.6310578927970667,4.762373540404873,-0.060842072387462,-0.0064272828128140586,0.0,433.0436332157707,431.5273922822035,429.05563918653814,428.6599855281221
2.940000000000002,-0.7765436319443668,-1.8139889046139022,18.986512177882826,6.180962926315326,6.277750953983283,0.0,-0.3805207917794326,-1.7067431722358284,4.90771389282741,-0.03727190311205074,0.01483043081180806,0.0,473.83686598084796,475.4684496280231,472.2522298246956,474.06533088416495
3.000000000000002,-0.7992672234487753,-1.918682172378169,19.28496131807521,6.178392075896072,6.278944229819722,0.0,-0.37704766766709535,-1.7832441738925968,5.039927500837263,-0.05735630543933359,0.02845528044830495,0.0,470.739587801512,471.7928108312464,472.3387565023301,470.7861006223634
3.0600000000000023,-0.8218303508614873,-2.027513830250182,19.586460892119153,6.175804581066233,6.28073491933047,0.0,-0.37520027476923895,-1.8447532103600053,5.01011438289556,-0.023962285923676926,0.03248792539563687,0.0,420.69511648772277,421.044537928274,421.1565403055411,424.03404400556155
3.1200000000000023,-0.8443111255727024,-2.140190295251095,19.88719036125933,6.174219016158137,6.282821785097482,0.0,-0.37433582235466795,-1.911284681719019,5.014120614754453,-0.0318746164677237,0.03901181995320341,0.0,433.9254740532678,434.4734178837998,431.61042881461134,430.94184144871497
3.1800000000000024,-0.8667783579509898,-2.2572975273817413,20.191827719119804,6.172210516468805,0.0018411506734947736,0.0,-0.3748124264217673,-1.9924588147155409,5.139804337521003,-0.03688421421073655,0.031774624863978314,0.0,470.9831722586395,470.4235577003635,471.23307728586894,470.8452379532786
3.2400000000000024,-0.8893136048296433,-2.379011312244097,20.501190454611724,6.170168710740976,0.0033680824381532304,0.0,-0.3765240885695204,-2.064871926214083,5.172056254926788,-0.028859606099636927,0.008147013324861454,0.0,444.33971289959004,442.3982871329709,443.1342173837208,443.79298870633664
3.3000000000000025,-0.911977892134791,-2.505196517395432,20.813214718058113,6.168124689372323,0.004085783933964748,0.0,-0.37900978315129896,-2.141478130508288,5.228409352084543,-0.04731865968751345,0.01866847733888577,0.0,450.87187625487894,451.7211438431577,452.42978026808106,450.9403559353216
3.3600000000000025,-0.9348173319357804,-2.6362981566669217,21.13094463866763,6.165997099323057,0.005144450846036541,0.0,-0.3824187252553955,-2.228788603151359,5.361850721106758,-0.01861335357941453,0.015513567981631378,0.0,475.7047509783449,475.46297476750794,474.66099036754815,476.8585141491456
3.4200000000000026,-0.957846763185043,-2.771874793843161,21.44979848329043,6.165528748559629,0.005916763793893942,0.0,-0.38529425373834486,-2.2905787123715626,5.267011676993539,0.007935513355670911,0.006982100608375063,0.0,403.87615195197606,403.10567813717506,403.23498113399114,405.62677657103416
3.4800000000000026,-0.9811055096465926,-2.91208567077919,21.77070294631479,6.166221251521671,0.006117892710253869,0.0,-0.39002865129148495,-2.3830046444485475,5.428979241688832,0.017922890145886994,-0.0051310883712682945,0.0,485.3241509428774,484.41393982299417,484.09940093742864,484.8503146647273
3.5400000000000027,-1.0046456789657643,-3.0577527504695423,22.100625783293804,6.166984603347748,0.005517236500192091,0.0,-0.39459348033606867,-2.4724318153707094,5.567725987921989,-0.0005093576578132746,-0.022197997630204098,0.0,479.3798536350028,478.08113047448546,480.93944340889095,479.5410039497637
3.6000000000000028,-1.0284223965170374,-3.2083338397449026,22.435019302059963,6.16642429176289,0.004399390670922543,0.0,-0.39785589538974714,-2.546993472808738,5.5786192045290255,-0.03997679788652257,-0.01231133674169834,0.0,441.00298795663815,441.81907059247294,443.81732585545205,440.56543297073273
3.660000000000003,-1.052367354490035,-3.363160880260328,22.76788754792911,6.163829210612915,0.003702203447545571,0.0,-0.4002549325809575,-2.6141759485980316,5.517205596776413,-0.05076889913347921,-0.010271383704005314,0.0,417.7848629874146,417.9628424399666,419.28532439119317,418.34527134030145
3.720000000000003,-1.0764508043553391,-3.5222221532220304,23.098320656043295,6.160749749626788,0.0036474841769864597,0.0,-0.40250282870378556,-2.688172533148283,5.497217897282898,-0.05245863312004943,0.01321205532278688,0.0,430.59022308266333,432.5727245825664,431.8032974047789,431.6589278883076
3.780000000000003,-1.100669953019035,-3.6857159171565153,23.426985416623516,6.1576804185742375,0.004084835136506371,0.0,-0.4048561209355693,-2.761934769599177,5.458349351455439,-0.04866983332284277,-0.008477365281228263,0.0,427.41425515102225,425.56129462075813,424.2882595516489,424.6116760997419
3.840000000000003,-1.1250445973813152,-3.854042191245494,23.75604659686296,6.154504180729717,0.003504192543119622,0.0,-0.40757951695467015,-2.8492360929445715,5.509967547246752,-0.06323683526167535,-0.012192436699894137,0.0,454.3718439507766,454.07398143221155,455.1330305962385,453.9636065407581
3.900000000000003,-1.1495737077747141,-4.027784642510175,24.088991721040866,6.1503725003337095,0.0029651146761837666,0.0,-0.4099941058894976,-2.942551969231168,5.587646900641183,-0.0835375351868568,-0.003237226988421426,0.0,463.49444491022655,464.19796287233675,463.44713198060754,461.8448976288016
3.960000000000003,-1.1742449759597047,-4.2075092068696165,24.428710435712187,6.145247128630594,0.002622293417530841,0.0,-0.4123504452167343,-3.048746065442268,5.735331814920616,-0.08948573214734519,-0.011194516812232807,0.0,484.8804208922142,484.28225376178693,486.2267881191755,485.7755503138862
4.020000000000002,-1.199034164196183,-4.392867676590075,24.771105694418086,6.139593890487557,0.0031725344636255315,0.0,-0.41396479885595727,-3.1303750211901087,5.677944851106648,-0.10593772416933808,0.033359528661599705,0.0,421.5509239709898,425.3843612688771,424.033022776239,422.60882126538854
4.080000000000001,-1.2239412743073115,-4.583428654285785,25.111429459830507,6.133519035925676,0.00594274995361932,0.0,-0.4164829984117202,-3.222223854697159,5.665999728321918,-0.09322166157676112,0.06397487033870679,0.0,436.66347086412753,439.2117129758363,437.89154729542275,438.93919458858966
4.14,-1.2490714791989226,-4.780039396862708,25.45382262726563,6.128379052322064,0.009851780418302702,0.0,-0.42157240586533795,-3.3319656653457113,5.746422973808471,-0.07373051064495142,0.06740275923668955,0.0,467.28781272486606,467.55789918749974,466.83170591810796,468.34459516863365
4.199999999999998,-1.274628274571887,-4.983955796582501,25.804904216307186,6.12374090132861,0.013726391892745049,0.0,-0.43077827752500364,-3.4656433813127574,5.954891125973127,-0.08561982593840906,0.05822618486568559,0.0,506.31904434415645,505.6607834822124,506.83690580534017,505.9775396699854
4.259999999999997,-1.3006949213424477,-5.194534524465215,26.159285865442136,6.118212712196492,0.01709403582774094,0.0,-0.43836789416478344,-3.55415975847986,5.858117028807818,-0.11018722629560868,0.051561491608982164,0.0,415.8802963841971,415.29834548355853,415.1863263722534,413.01645555809347
4.319999999999996,-1.3273600306841915,-5.41139466860214,26.51303861694606,6.111341141854545,0.020919533438509497,0.0,-0.4508086711924338,-3.675130005856539,5.93288098413075,-0.12503102790145568,0.08094713807110045,0.0,469.16475513921387,471.44378543084696,469.3599480449764,468.19515593087715
4.379999999999995,-1.354753823846274,-5.63487160549102,26.866709052856496,6.1036481659838095,0.02588553584847819,0.0,-0.46269961840028345,-3.774774984081304,5.856205458835241,-0.13549116948396042,0.08617577119262404,0.0,422.96433487251943,423.4204486029888,422.8769412961707,421.958637882007
4.439999999999993,-1.3830829890184844,-5.865420726627518,27.22100492048638,6.096052409321736,0.031513195851613496,0.0,-0.48214300336082233,-3.9109081200864138,5.952672842390571,-0.11302658568017064,0.10580955477516457,0.0,476.5393125736289,478.0447030923661,477.11607121299284,478.8147606450241
4.499999999999992,-1.4125637892970195,-6.103522104628341,27.576951506629484,6.089363247878559,0.03767525381989589,0.0,-0.5010669596868469,-4.026427440172159,5.912049494298588,-0.1085728730374165,0.09562497484805974,0.0,436.8381223702353,435.9971432065708,436.920346450069,437.28034359502425
4.559999999999991,-1.4433921523018547,-6.3492334824064,27.9332299331061,6.082537215079542,0.043721685822107226,0.0,-0.5270935089379203,-4.16455580758683,5.9631623056184475,-0.12696279550412984,0.10946750604848807,0.0,465.94184126217505,467.0311761299373,466.7158298959499,465.26685860350347
4.6199999999999894,-1.4756494978261518,-6.60225192123769,28.28700716173197,6.074811525462977,0.04989057540699715,0.0,-0.5486166982994657,-4.270094559072062,5.829735889752043,-0.13262175632707351,0.08420474514244536,0.0,408.2375210022107,405.9863625653287,407.64300009191055,407.12000675074444
4.679999999999988,-1.5095258986933056,-6.862732465427681,28.637468653125858,6.066699964928011,0.05465840257193921,0.0,-0.5810310112203055,-4.413311940725969,5.851655995654914,-0.1408993751120364,0.0677254627648266,0.0,458.55778586121716,457.25130414062744,458.86427732818134,458.1902147916458
4.739999999999987,-1.5455474866168715,-7.132417818122409,28.991207309424464,6.059338436535992,0.058767155227387846,0.0,-0.6200608869309309,-4.576889147022925,5.938550787241226,-0.10014608271697256,0.06994490284774862,0.0,480.3361193004906,480.5075900780298,477.16119560374204,480.2493417556881
4.799999999999986,-1.5837203886597355,-7.411046034047816,29.345588382677,6.053229798121727,0.06257250030751393,0.0,-0.6526981230566146,-4.711326569691819,5.874044185757189,-0.10536378878477866,0.04533988997032075,0.0,435.73911217318636,433.6796371136684,433.31041839169654,432.86214583494933
4.859999999999984,-1.6239185159472416,-7.697894366841533,29.69619723020586,6.04676125633382,0.06610267319603214,0.0,-0.6875013594007096,-4.850920150480018,5.812757770776359,-0.11320768789573883,0.07730531013888481,0.0,433.3211209924193,436.00298635327124,436.149104040674,435.482801901626
4.919999999999983,-1.6662866098729268,-7.993315493018533,30.043365912819564,6.039601734109407,0.0706407015640993,0.0,-0.7251421116920793,-4.9971214049243535,5.759265738350576,-0.13579898803852333,0.07206388762878008,0.0,438.1054622057235,437.6739111111301,439.53370993366786,437.64349290151387
4.979999999999982,-1.7113505343835105,-8.298884524588166,30.39219861827819,6.031721059934739,0.07470363534115076,0.0,-0.7773604162418697,-5.189201865136419,5.867122233398831,-0.12367029561724761,0.05717702404203763,0.0,490.3441689712958,489.2396811792548,488.5922470625681,489.48165576803495
5.0399999999999805,-1.7592395645212124,-8.61486645433736,30.742404042063335,6.023751025739195,0.07803582034936252,0.0,-0.8192126824415625,-5.344252535704705,5.806091512304563,-0.16620705204225747,0.05203635433791312,0.0,439.7123903940231,439.28831421929266,440.85906989891856,437.3112051695156
